40 #UTIL: 278489
49 #UTIL: 463274
42 #UTIL: 246819
33 #UTIL: 251640
39 #UTIL: 169948
66 #UTIL: 49872
37 #UTIL: 128688
171 #UTIL: 68092
414 #UTIL: 61674
10 #UTIL: 60968
49 40 #UTIL: 481021
2239 #UTIL: 65765
271 #UTIL: 37880
61 #UTIL: 41105
256 #UTIL: 32588
302 #UTIL: 47383
605 #UTIL: 47061
339 #UTIL: 34580
124 #UTIL: 35975
80 #UTIL: 35092
250 #UTIL: 31765
42 40 #UTIL: 250893
39 40 #UTIL: 169824
977 #UTIL: 35816
42 49 #UTIL: 248294
33 49 #UTIL: 221755
33 40 #UTIL: 186201
39 49 #UTIL: 174526
19 #UTIL: 32977
42 49 40 #UTIL: 243161
39 49 40 #UTIL: 167949
37 39 #UTIL: 152700
33 40 49 #UTIL: 178718
39 42 #UTIL: 107938
171 39 #UTIL: 99552
37 40 #UTIL: 100594
37 40 39 #UTIL: 116995
33 42 #UTIL: 105243
39 42 40 #UTIL: 101509
39 33 #UTIL: 77365
171 40 #UTIL: 56587
37 49 #UTIL: 77658
111 39 #UTIL: 45053
39 42 49 #UTIL: 91876
171 40 39 #UTIL: 77506
33 42 40 #UTIL: 90008
37 49 39 #UTIL: 89556
33 42 49 #UTIL: 90975
171 49 #UTIL: 50818
2239 40 #UTIL: 56567
39 42 49 40 #UTIL: 88020
66 40 #UTIL: 46463
171 49 39 #UTIL: 67114
37 49 40 #UTIL: 68256
66 49 #UTIL: 55912
37 49 40 39 #UTIL: 77907
90 49 #UTIL: 46345
39 33 40 #UTIL: 60270
33 42 49 40 #UTIL: 81295
39 33 49 #UTIL: 63103
287 39 #UTIL: 37398
271 40 #UTIL: 33000
2239 49 #UTIL: 47309
171 49 40 #UTIL: 46008
111 40 39 #UTIL: 38351
171 49 40 39 #UTIL: 58655
414 49 #UTIL: 49906
414 40 #UTIL: 43297
311 49 #UTIL: 37250
16012 16011 #UTIL: 32630
90 40 49 #UTIL: 46865
66 49 40 #UTIL: 49558
111 49 39 #UTIL: 37528
10 40 #UTIL: 41773
79 49 #UTIL: 31781
605 40 #UTIL: 34703
256 49 #UTIL: 35336
37 42 #UTIL: 43625
10 49 #UTIL: 43586
476 49 #UTIL: 31768
50 49 #UTIL: 32028
39 33 49 40 #UTIL: 54325
2239 49 40 #UTIL: 42960
37 42 39 #UTIL: 49263
61 40 #UTIL: 32238
605 49 #UTIL: 34697
302 40 #UTIL: 31887
302 49 #UTIL: 33776
171 42 39 #UTIL: 38869
311 49 40 #UTIL: 37116
61 49 #UTIL: 31516
111 49 40 39 #UTIL: 34103
37 42 40 #UTIL: 38475
414 40 49 #UTIL: 38589
37 42 40 39 #UTIL: 43222
39 33 42 #UTIL: 35073
10 49 40 #UTIL: 33300
171 42 40 39 #UTIL: 33661
37 33 39 #UTIL: 32781
37 42 49 39 #UTIL: 31991
