13 82 34 52 16 85 72 124 88 37 55 19 75 127 109 91 #UTIL: 16836306
13 82 34 52 16 85 72 106 88 37 55 19 75 127 109 91 #UTIL: 16871586
13 82 34 52 16 85 72 124 106 88 37 55 19 75 127 109 91 #UTIL: 16880545
82 69 34 52 16 85 72 124 106 88 37 55 19 75 127 109 91 #UTIL: 16829903
82 34 52 16 85 72 88 37 55 19 75 127 109 91 #UTIL: 16832161
82 103 34 52 16 85 72 106 88 37 55 19 75 127 109 91 #UTIL: 16854209
82 103 34 52 16 85 72 124 106 88 37 55 19 75 127 109 91 #UTIL: 16880219
82 34 52 16 85 72 124 88 37 55 19 75 127 109 91 #UTIL: 16885066
82 34 52 16 85 72 106 88 37 55 19 75 127 109 91 #UTIL: 16918161
82 34 52 16 85 72 124 106 88 37 55 19 75 127 109 91 #UTIL: 16963313
